0 0.119242 0.765194 0.045293 0.091167
0 0.209801 0.460333 0.038803 0.072667
0 0.614894 0.410500 0.045266 0.057444
0 0.679176 0.431611 0.060638 0.072667
0 0.749122 0.443444 0.048511 0.076000
0 0.710705 0.561667 0.046090 0.065889
0 0.720824 0.663000 0.046915 0.059111
0 0.710718 0.825139 0.068723 0.079389
0 0.803298 0.712833 0.056596 0.067556
0 0.836051 0.548167 0.046090 0.059111
0 0.832394 0.468778 0.024255 0.072667
0 0.861915 0.476389 0.039628 0.067556
0 0.963803 0.742389 0.047713 0.069222
0 0.993830 0.889333 0.012340 0.052333
0 0.976037 0.252417 0.047926 0.045944
