0 0.031316 0.587417 0.062633 0.069944
0 0.165532 0.417083 0.046596 0.059833
0 0.432434 0.447000 0.045612 0.064889
0 0.490199 0.451556 0.044654 0.063889
0 0.905838 0.381528 0.076197 0.074167
0 0.787779 0.420944 0.046782 0.066333
0 0.463019 0.632000 0.075718 0.059778
0 0.467380 0.584361 0.041729 0.059833
0 0.539934 0.508833 0.024761 0.068889
0 0.561503 0.494111 0.022367 0.057778
0 0.577301 0.461194 0.033484 0.056722
0 0.558617 0.587806 0.054362 0.071167
0 0.604215 0.642639 0.068963 0.068944
0 0.547207 0.717167 0.047074 0.072000
0 0.658590 0.584361 0.042713 0.061833
0 0.706356 0.571167 0.048085 0.055778
0 0.715824 0.606611 0.033032 0.049778
0 0.696197 0.761250 0.053883 0.062833
0 0.735731 0.731361 0.037899 0.043611
0 0.784521 0.652278 0.047074 0.094222
0 0.822380 0.558500 0.048059 0.066889
0 0.832301 0.458139 0.033059 0.060833
0 0.980226 0.483500 0.039548 0.040556
0 0.885452 0.599056 0.035426 0.048667
0 0.059441 0.958583 0.054255 0.074278
0 0.269003 0.895083 0.044920 0.087944
0 0.348471 0.971306 0.086144 0.048833
0 0.108511 0.642000 0.059043 0.093778
0 0.048551 0.558500 0.045665 0.048667
