0 0.553378 0.528278 0.036064 0.059556
0 0.684468 0.679833 0.035691 0.052556
0 0.733085 0.687944 0.040957 0.075556
0 0.698777 0.884056 0.075532 0.085556
0 0.052101 0.444444 0.068670 0.074444
0 0.175452 0.859472 0.084734 0.063056
0 0.381303 0.799889 0.083670 0.082333
0 0.875319 0.964167 0.074149 0.071667
0 0.011184 0.739444 0.022367 0.082333
0 0.134348 0.433222 0.041941 0.076222
0 0.049029 0.744694 0.037367 0.087611
0 0.067686 0.793750 0.072181 0.054278
0 0.137513 0.674139 0.044920 0.081500
0 0.157447 0.601000 0.099043 0.082333
0 0.302540 0.809944 0.075505 0.083222
0 0.413923 0.583917 0.048271 0.081500
0 0.461303 0.634750 0.060798 0.111278
0 0.521489 0.540556 0.050319 0.085889
0 0.283258 0.517778 0.071303 0.061333
0 0.269003 0.561083 0.086410 0.041278
0 0.231662 0.636472 0.066250 0.074500
0 0.601410 0.675056 0.036543 0.060444
0 0.635598 0.562889 0.040293 0.090222
