0 0.015532 0.712833 0.031064 0.067556
0 0.035519 0.548167 0.046090 0.059111
0 0.031862 0.468778 0.024255 0.072667
0 0.061383 0.476389 0.039628 0.067556
0 0.163271 0.742389 0.047713 0.069222
0 0.209761 0.889333 0.045266 0.052333
0 0.377128 0.550639 0.046915 0.084611
0 0.540957 0.616639 0.027074 0.047500
0 0.570851 0.608722 0.045266 0.041889
0 0.707194 0.778111 0.072527 0.056000
0 0.711396 0.512917 0.054973 0.053722
0 0.739149 0.435694 0.062872 0.065611
0 0.681197 0.389278 0.069894 0.066778
0 0.636529 0.269917 0.083431 0.053167
0 0.807939 0.516528 0.038431 0.127833
0 0.868564 0.450583 0.071277 0.070056
0 0.981104 0.393667 0.037793 0.067111
0 0.989814 0.444750 0.020372 0.046722
0 0.997846 0.573944 0.004309 0.100778
0 0.189548 0.252417 0.076011 0.045944
