0 0.279136 0.432500 0.047633 0.084000
0 0.769694 0.478889 0.063803 0.093333
0 0.852633 0.444444 0.068670 0.074444
0 0.966809 0.859472 0.066383 0.063056
0 0.384814 0.881028 0.090745 0.074278
0 0.538710 0.412972 0.061729 0.084056
0 0.513444 0.639667 0.046782 0.072333
0 0.526024 0.704056 0.032846 0.053000
0 0.568590 0.746167 0.056223 0.066444
0 0.592447 0.619167 0.094574 0.089889
0 0.675293 0.610361 0.043032 0.072278
0 0.688285 0.697361 0.049548 0.056056
0 0.680718 0.763083 0.053670 0.064833
0 0.683258 0.836667 0.062952 0.068333
0 0.648218 0.874750 0.069202 0.092056
0 0.795013 0.739444 0.055771 0.082333
0 0.934880 0.433222 0.041941 0.076222
0 0.849561 0.744694 0.037367 0.087611
0 0.868218 0.793750 0.072181 0.054278
0 0.938045 0.674139 0.044920 0.081500
0 0.954229 0.601000 0.091543 0.082333
