0 0.048245 0.561917 0.044043 0.094611
0 0.037739 0.653056 0.047447 0.082333
0 0.187088 0.559722 0.045718 0.083222
0 0.235293 0.522500 0.076702 0.050778
0 0.253138 0.451528 0.051170 0.035056
0 0.298019 0.427444 0.050346 0.076222
0 0.342660 0.438389 0.049947 0.059556
0 0.265731 0.593472 0.035239 0.064833
0 0.238856 0.631139 0.036968 0.092833
0 0.369947 0.644722 0.054096 0.081444
0 0.383551 0.721806 0.067154 0.063944
0 0.413364 0.522917 0.028537 0.058722
0 0.437886 0.519417 0.034016 0.065722
0 0.460519 0.534750 0.040718 0.050833
0 0.436862 0.430500 0.058723 0.066556
0 0.502473 0.466861 0.064149 0.060500
0 0.545878 0.515500 0.057926 0.070111
0 0.535426 0.623694 0.076330 0.072722
0 0.728910 0.534444 0.034734 0.080000
0 0.608391 0.549639 0.026835 0.056056
0 0.625572 0.496667 0.037686 0.062222
0 0.665838 0.514611 0.049548 0.056111
0 0.689774 0.420444 0.078005 0.062222
0 0.839082 0.502806 0.041090 0.079722
0 0.885585 0.480889 0.057021 0.069222
0 0.779096 0.359972 0.036117 0.058722
0 0.744269 0.579444 0.046197 0.054333
0 0.659122 0.687222 0.037713 0.098111
0 0.012274 0.842722 0.024548 0.064000
0 0.008085 0.667083 0.016170 0.087611
