0 0.727766 0.570250 0.046968 0.067500
0 0.848777 0.561917 0.044043 0.094611
0 0.838271 0.653056 0.047447 0.082333
0 0.982380 0.559722 0.035239 0.083222
0 0.634269 0.684083 0.063910 0.081389
0 0.340452 0.899000 0.093511 0.055333
0 0.380984 0.620611 0.034309 0.065111
0 0.410559 0.466972 0.056011 0.072833
0 0.533431 0.497444 0.050638 0.075222
0 0.602593 0.488250 0.072048 0.067722
0 0.582234 0.577667 0.041755 0.056778
0 0.638351 0.829500 0.039149 0.087222
0 0.782513 0.842722 0.085133 0.064000
0 0.796569 0.667083 0.040266 0.087611
