0 0.677035 0.614389 0.043910 0.061889
0 0.784029 0.666639 0.042367 0.068278
0 0.773045 0.441583 0.054122 0.068278
0 0.747008 0.347167 0.041888 0.058667
0 0.850931 0.336500 0.058723 0.058667
0 0.863444 0.287389 0.052101 0.048000
0 0.902739 0.343417 0.036809 0.046944
0 0.863883 0.412167 0.053085 0.047889
0 0.966835 0.754667 0.041330 0.048000
0 0.990452 0.495417 0.019096 0.062944
0 0.308564 0.370083 0.065904 0.070389
0 0.384654 0.376500 0.028085 0.072556
0 0.558298 0.403167 0.057713 0.070444
0 0.557021 0.503972 0.062287 0.065056
