0 0.045293 0.189556 0.028191 0.043889
0 0.167952 0.122611 0.014362 0.032222
0 0.169934 0.144833 0.023697 0.031111
0 0.192021 0.118722 0.019947 0.048889
0 0.263032 0.114000 0.018883 0.043889
0 0.284574 0.122056 0.018351 0.035556
0 0.302394 0.108722 0.019947 0.033333
0 0.300918 0.142333 0.026090 0.030556
0 0.332580 0.106778 0.014894 0.039444
0 0.351064 0.108444 0.023670 0.031667
0 0.410904 0.095111 0.018351 0.049444
0 0.428989 0.101778 0.018883 0.037222
0 0.433763 0.136778 0.024761 0.031667
0 0.490957 0.099000 0.017819 0.043889
0 0.511968 0.117056 0.025798 0.030000
0 0.523537 0.092889 0.019681 0.030556
0 0.539348 0.105111 0.021037 0.040556
0 0.677527 0.104278 0.020213 0.041111
0 0.660771 0.126778 0.031383 0.038333
0 0.717952 0.124556 0.020745 0.028333
0 0.811037 0.115111 0.017553 0.047222
0 0.856383 0.078167 0.035372 0.043333
0 0.938963 0.105667 0.026596 0.033889
