0 0.149441 0.332083 0.060106 0.044056
0 0.235426 0.328889 0.047500 0.040778
0 0.213391 0.919278 0.056303 0.068000
0 0.422128 0.516111 0.045585 0.068000
0 0.577048 0.664500 0.047500 0.096000
0 0.425758 0.302083 0.050559 0.051167
0 0.559801 0.255694 0.031410 0.033611
0 0.590266 0.260889 0.021064 0.039222
0 0.605625 0.248444 0.024016 0.043111
0 0.620133 0.278472 0.038670 0.029611
0 0.603630 0.304111 0.028005 0.044000
0 0.581449 0.306861 0.020293 0.038389
0 0.679681 0.280472 0.019149 0.044833
0 0.642912 0.158083 0.016835 0.041611
0 0.664548 0.151667 0.028723 0.059222
0 0.724481 0.159278 0.023750 0.044000
0 0.730426 0.310861 0.037128 0.041611
0 0.797261 0.518889 0.036011 0.049556
0 0.893005 0.412500 0.031383 0.075222
0 0.850851 0.293833 0.039787 0.037889
0 0.835559 0.259694 0.025266 0.057611
0 0.829255 0.188333 0.021277 0.040000
0 0.947247 0.258139 0.027314 0.033722
0 0.994761 0.299694 0.010479 0.038389
0 0.994947 0.459694 0.010106 0.051167
