0 0.091809 0.227250 0.053670 0.064056
0 0.251396 0.278944 0.066197 0.053889
0 0.250346 0.239639 0.033457 0.039278
0 0.288684 0.244000 0.030665 0.065556
0 0.310718 0.215528 0.030160 0.052278
0 0.344787 0.242556 0.035532 0.059667
0 0.429109 0.280389 0.060612 0.059667
0 0.349668 0.907083 0.064814 0.090278
0 0.570226 0.522750 0.043218 0.078611
0 0.547926 0.447806 0.057128 0.080056
0 0.528418 0.307306 0.041835 0.049500
0 0.637832 0.194500 0.041835 0.048000
0 0.680346 0.234556 0.047394 0.058222
0 0.886981 0.234556 0.045293 0.084444
0 0.944814 0.310944 0.053670 0.056778
0 0.896037 0.387389 0.059255 0.072778
