0 0.404362 0.476222 0.040372 0.081889
0 0.006463 0.532361 0.012926 0.079500
0 0.033364 0.676833 0.066729 0.071333
0 0.157739 0.568056 0.049840 0.076000
0 0.215133 0.469194 0.035851 0.063167
0 0.255452 0.446972 0.038085 0.074833
0 0.353657 0.469222 0.041995 0.086556
0 0.413298 0.561028 0.033617 0.061944
0 0.349468 0.623583 0.056011 0.063167
0 0.436543 0.346972 0.049840 0.085389
0 0.532035 0.292000 0.048112 0.055000
0 0.579043 0.303111 0.039202 0.060778
0 0.546290 0.338194 0.036410 0.049167
0 0.608471 0.334111 0.062207 0.057333
0 0.622753 0.368611 0.031410 0.056111
0 0.613231 0.485000 0.070505 0.050333
0 0.782886 0.358083 0.049282 0.051500
0 0.801915 0.335278 0.034734 0.055000
0 0.676476 0.357500 0.032473 0.066667
0 0.653271 0.376806 0.034202 0.053833
0 0.877566 0.332917 0.030239 0.078389
0 0.883976 0.379139 0.036463 0.065500
