0 0.687181 0.571944 0.037340 0.093111
0 0.667912 0.498972 0.063856 0.055389
0 0.654960 0.410250 0.053590 0.056611
0 0.704947 0.361833 0.078883 0.055333
0 0.824508 0.364361 0.042154 0.075500
0 0.764880 0.403972 0.036144 0.084278
0 0.535997 0.357417 0.046995 0.114500
0 0.464016 0.334778 0.042766 0.044000
0 0.420053 0.351778 0.060851 0.105667
0 0.316489 0.466889 0.063298 0.059111
0 0.298670 0.370000 0.040957 0.061667
0 0.023750 0.414056 0.047500 0.081778
0 0.224295 0.065528 0.075293 0.091833
0 0.172194 0.363722 0.046995 0.069222
0 0.975505 0.802194 0.048989 0.095611
0 0.899202 0.599639 0.068670 0.067944
0 0.769694 0.602139 0.056622 0.072944
