0 0.041303 0.364306 0.048191 0.051611
0 0.032566 0.559944 0.060824 0.065444
0 0.190372 0.617833 0.035532 0.085556
0 0.087979 0.334111 0.021064 0.066667
0 0.151782 0.357111 0.065585 0.050889
0 0.183165 0.366611 0.058511 0.058889
0 0.210439 0.339417 0.034282 0.058944
0 0.186503 0.244111 0.035399 0.087222
0 0.183178 0.182444 0.034601 0.049444
0 0.235319 0.205500 0.020213 0.048889
0 0.227048 0.261889 0.042021 0.073889
0 0.259508 0.296889 0.061729 0.046111
0 0.267872 0.381333 0.049202 0.057222
0 0.307513 0.211611 0.029548 0.048889
0 0.417753 0.213556 0.031356 0.047222
0 0.455133 0.206056 0.028457 0.060000
0 0.424801 0.282167 0.036463 0.057778
0 0.437686 0.358556 0.026064 0.093889
0 0.575598 0.298278 0.028484 0.065556
0 0.587287 0.365806 0.021543 0.083944
0 0.701795 0.315528 0.042580 0.095611
0 0.698590 0.231611 0.032979 0.072222
0 0.845931 0.306611 0.029255 0.073333
0 0.721463 0.623556 0.048936 0.053889
