0 0.543949 0.298528 0.035665 0.043611
0 0.034056 0.441333 0.036569 0.063444
0 0.032872 0.271750 0.046543 0.049611
0 0.096250 0.274222 0.040372 0.056556
0 0.261011 0.407111 0.049840 0.050556
0 0.256489 0.228111 0.039894 0.063444
0 0.315838 0.193889 0.047473 0.054556
0 0.324149 0.256889 0.052713 0.053556
0 0.335771 0.291583 0.063670 0.051611
0 0.330798 0.333222 0.066968 0.057556
0 0.303949 0.428444 0.039920 0.055556
0 0.343391 0.594583 0.080718 0.070389
0 0.392513 0.245444 0.029920 0.054556
0 0.422912 0.224639 0.047952 0.052611
0 0.446622 0.271750 0.019521 0.077389
0 0.462314 0.239028 0.021383 0.051611
0 0.477008 0.220167 0.031835 0.049556
0 0.525199 0.241500 0.066516 0.046667
0 0.473923 0.284139 0.042793 0.044611
0 0.507872 0.300528 0.042287 0.047611
0 0.607580 0.316361 0.021543 0.051611
0 0.661729 0.274722 0.020426 0.043667
0 0.798005 0.360778 0.040957 0.050556
0 0.832048 0.358833 0.031915 0.045556
