0 0.069801 0.275250 0.053431 0.081611
0 0.057580 0.667194 0.051862 0.059944
0 0.182287 0.693944 0.065053 0.059111
0 0.187407 0.332222 0.060824 0.055333
0 0.339787 0.338528 0.041543 0.047833
0 0.527114 0.295111 0.039176 0.071667
0 0.841835 0.364306 0.048191 0.051611
0 0.833098 0.559944 0.060824 0.065444
0 0.986569 0.617833 0.026862 0.085556
0 0.888511 0.334111 0.021064 0.066667
0 0.952314 0.357111 0.065585 0.050889
0 0.977221 0.366611 0.045559 0.058889
0 0.996915 0.339417 0.006170 0.058944
0 0.984668 0.244111 0.030665 0.087222
0 0.983205 0.182444 0.033590 0.049444
