0 0.082367 0.628194 0.049734 0.081167
0 0.138324 0.740222 0.062181 0.084444
0 0.149202 0.600611 0.049734 0.084444
0 0.020199 0.623361 0.040399 0.064944
0 0.033457 0.431778 0.047074 0.077222
0 0.106782 0.463361 0.058245 0.091278
0 0.232832 0.448167 0.049282 0.084222
0 0.466556 0.488500 0.045346 0.066667
0 0.530705 0.450500 0.029176 0.084222
0 0.582194 0.486167 0.058218 0.052667
0 0.652181 0.472722 0.042553 0.095889
0 0.712141 0.579750 0.031303 0.057278
0 0.725319 0.445222 0.042021 0.069000
0 0.796383 0.532361 0.034149 0.079500
0 0.826383 0.676833 0.081755 0.071333
0 0.958271 0.568056 0.049840 0.076000
