0 0.002340 0.666639 0.004681 0.068278
0 0.050399 0.336500 0.058723 0.058667
0 0.062912 0.287389 0.052101 0.048000
0 0.102207 0.343417 0.036809 0.046944
0 0.063351 0.412167 0.053085 0.047889
0 0.166303 0.754667 0.041330 0.048000
0 0.192633 0.495417 0.024521 0.062944
0 0.225053 0.432500 0.028085 0.058667
0 0.235279 0.328500 0.039335 0.053333
0 0.235279 0.222333 0.056676 0.050111
0 0.313923 0.266611 0.053644 0.057556
0 0.363976 0.339694 0.030133 0.043722
0 0.381077 0.693333 0.023484 0.042667
0 0.438790 0.623444 0.035771 0.058667
0 0.488324 0.857611 0.041862 0.091778
0 0.494960 0.346083 0.033697 0.054389
0 0.447673 0.293278 0.038431 0.053333
0 0.486543 0.244750 0.066915 0.054389
0 0.546516 0.274611 0.069521 0.056556
0 0.743431 0.318861 0.062819 0.057611
0 0.765386 0.447444 0.041356 0.050111
0 0.851689 0.449556 0.032154 0.056556
