0 0.899761 0.631250 0.053777 0.058611
0 0.825266 0.551361 0.068245 0.076833
0 0.837181 0.644306 0.037872 0.119167
0 0.778564 0.793000 0.059043 0.080889
0 0.745878 0.755583 0.064362 0.074833
0 0.679109 0.794139 0.075984 0.070500
0 0.674255 0.683806 0.072128 0.099056
0 0.580612 0.721194 0.070638 0.086944
0 0.467114 0.707583 0.065346 0.067722
0 0.390652 0.604972 0.066303 0.095056
0 0.356051 0.740917 0.055186 0.057611
0 0.356290 0.828889 0.062420 0.071778
0 0.238205 0.829889 0.056622 0.063667
0 0.189082 0.771750 0.060027 0.058611
0 0.099309 0.771750 0.081809 0.086944
0 0.172872 0.838500 0.052766 0.058667
0 0.012753 0.750528 0.025505 0.111167
0 0.012021 0.604972 0.024043 0.074833
