0 0.066809 0.351667 0.027926 0.051667
0 0.106436 0.339444 0.049202 0.059444
0 0.190745 0.391667 0.045479 0.042778
0 0.240479 0.675556 0.062500 0.058333
0 0.296848 0.691111 0.040186 0.083889
0 0.437819 0.473056 0.059309 0.111111
0 0.323059 0.320000 0.045745 0.061667
0 0.381702 0.326944 0.045479 0.067778
0 0.648059 0.268333 0.063298 0.039444
0 0.679309 0.416667 0.059309 0.041667
0 0.719468 0.599167 0.048138 0.060000
0 0.800452 0.312500 0.041489 0.080000
0 0.862154 0.321389 0.054787 0.078889
0 0.918657 0.308056 0.065718 0.070000
0 0.193059 0.924194 0.084681 0.054833
