0 0.092327 0.743278 0.061835 0.084222
0 0.110984 0.468056 0.045372 0.057556
0 0.356662 0.366972 0.070239 0.051944
0 0.427580 0.239889 0.030585 0.073000
0 0.482859 0.230056 0.036303 0.035111
0 0.465386 0.253583 0.032261 0.045611
0 0.543524 0.205861 0.030559 0.054056
0 0.550412 0.241306 0.052420 0.047722
0 0.569082 0.259583 0.052793 0.056167
0 0.618205 0.262722 0.035399 0.052667
0 0.699335 0.341778 0.040160 0.060222
0 0.764322 0.268694 0.038644 0.054722
0 0.864309 0.421722 0.057128 0.053333
0 0.929348 0.551972 0.069548 0.042833
0 0.884149 0.265889 0.032926 0.050556
0 0.914907 0.279917 0.040665 0.060389
