0 0.017965 0.254889 0.035931 0.057889
0 0.037141 0.420972 0.050612 0.047833
0 0.091649 0.339194 0.050000 0.067944
0 0.171729 0.566917 0.057287 0.050278
0 0.191330 0.339833 0.027713 0.081778
0 0.175372 0.305222 0.021064 0.050333
0 0.259402 0.307111 0.032527 0.061667
0 0.231995 0.416583 0.021064 0.049056
0 0.329255 0.288222 0.040957 0.076778
0 0.349747 0.357444 0.051782 0.074222
0 0.433471 0.293889 0.042154 0.062889
0 0.465386 0.361222 0.036144 0.074222
0 0.611104 0.419583 0.066356 0.075278
0 0.780106 0.349889 0.065638 0.069222
0 0.815638 0.286361 0.051170 0.110722
