0 0.337128 0.586750 0.049362 0.068722
0 0.963138 0.442694 0.052766 0.069722
0 0.940386 0.584750 0.080824 0.058611
0 0.812141 0.446222 0.081782 0.060667
0 0.754309 0.543806 0.069681 0.063722
0 0.716064 0.484639 0.059043 0.064722
0 0.652673 0.459889 0.076463 0.081889
0 0.560226 0.396222 0.060027 0.051556
0 0.526117 0.427028 0.059521 0.054611
0 0.529495 0.626194 0.047926 0.095056
0 0.535559 0.679250 0.054202 0.110167
0 0.290173 0.427028 0.028059 0.052611
0 0.099229 0.631250 0.053777 0.058611
0 0.029428 0.551361 0.058856 0.076833
0 0.036649 0.644306 0.037872 0.119167
0 0.003777 0.793000 0.007553 0.080889
