0 0.435133 0.446250 0.044043 0.068722
0 0.476024 0.453306 0.041622 0.056611
0 0.462221 0.506389 0.051782 0.047556
0 0.455199 0.585250 0.086144 0.077833
0 0.455691 0.653944 0.054202 0.053667
0 0.534096 0.461389 0.054202 0.072778
0 0.570878 0.662583 0.057128 0.068722
0 0.643471 0.499306 0.061941 0.063722
0 0.737354 0.378000 0.036782 0.083889
0 0.734468 0.460417 0.038723 0.066722
0 0.777301 0.495278 0.046941 0.063667
0 0.886184 0.486167 0.042101 0.075778
0 0.875532 0.549861 0.043085 0.037389
0 0.926596 0.555444 0.030000 0.050556
0 0.901662 0.576639 0.037261 0.044500
0 0.680984 0.861250 0.082766 0.085944
0 0.497074 0.775806 0.055638 0.080833
0 0.037793 0.453833 0.045957 0.079889
0 0.032473 0.529139 0.053723 0.060611
0 0.329375 0.543806 0.071622 0.069722
0 0.340519 0.377500 0.066782 0.099111
0 0.383830 0.417417 0.059521 0.057611
0 0.367859 0.494250 0.062420 0.045500
0 0.447713 0.373472 0.047926 0.056611
