0 0.065027 0.244861 0.022979 0.054611
0 0.115758 0.260861 0.024867 0.057278
0 0.131995 0.292167 0.042181 0.064000
0 0.158511 0.432806 0.037660 0.054611
0 0.186277 0.317500 0.038298 0.066667
0 0.219761 0.255528 0.023617 0.051944
0 0.246223 0.280833 0.034521 0.060000
0 0.277207 0.220222 0.023617 0.040000
0 0.299814 0.265528 0.016649 0.037278
0 0.332686 0.260861 0.021117 0.049278
0 0.370359 0.222222 0.019761 0.046667
0 0.423963 0.229528 0.018511 0.050611
0 0.441476 0.253528 0.029441 0.047944
0 0.472420 0.302028 0.040266 0.097056
0 0.505638 0.203556 0.027447 0.044000
0 0.575160 0.220861 0.027500 0.057278
0 0.632899 0.192889 0.023032 0.049333
0 0.470186 0.370111 0.042181 0.070778
0 0.672819 0.202889 0.022340 0.048000
0 0.710745 0.198889 0.030691 0.053333
