0 0.073976 0.280833 0.054282 0.062667
0 0.111622 0.302167 0.044096 0.062667
0 0.260293 0.651389 0.053032 0.084000
0 0.356676 0.349500 0.031277 0.074667
0 0.460691 0.371500 0.037660 0.062667
0 0.505040 0.376833 0.038271 0.068000
0 0.585439 0.392806 0.031888 0.067944
0 0.680519 0.346833 0.026782 0.058667
0 0.722314 0.328833 0.026170 0.046667
0 0.765066 0.464111 0.040186 0.066667
0 0.781649 0.326167 0.024894 0.052000
0 0.865559 0.244861 0.022979 0.054611
0 0.916290 0.260861 0.024867 0.057278
0 0.932527 0.292167 0.042181 0.064000
0 0.959043 0.432806 0.037660 0.054611
0 0.983830 0.317500 0.032340 0.066667
0 0.022314 0.290972 0.042766 0.066389
