0 0.207739 0.389833 0.057128 0.088333
0 0.278604 0.358139 0.045559 0.056611
0 0.427926 0.386444 0.043404 0.054333
0 0.513763 0.312083 0.058218 0.061167
0 0.664734 0.383444 0.049894 0.066444
0 0.617553 0.722472 0.063989 0.072500
0 0.060771 0.914694 0.065160 0.086056
0 0.100997 0.929389 0.058271 0.076111
0 0.240771 0.930500 0.035106 0.069444
0 0.146569 0.346083 0.057074 0.054389
0 0.031290 0.292472 0.054016 0.049611
0 0.610559 0.961056 0.062819 0.077889
0 0.782686 0.818222 0.051649 0.065333
0 0.844362 0.392889 0.045585 0.045556
0 0.967114 0.371278 0.058963 0.048778
