0 0.056051 0.295361 0.045452 0.043389
0 0.030452 0.365722 0.060904 0.036000
0 0.036782 0.344111 0.051330 0.034444
0 0.180971 0.292528 0.027207 0.054389
0 0.223870 0.234528 0.054016 0.045611
0 0.323830 0.250111 0.050160 0.046444
0 0.311955 0.318528 0.040984 0.069611
0 0.347380 0.322528 0.037527 0.050389
0 0.368258 0.384528 0.021835 0.049611
0 0.510013 0.281306 0.036729 0.066056
0 0.556090 0.279528 0.047074 0.076722
0 0.608258 0.170694 0.036729 0.076722
0 0.702673 0.274833 0.035346 0.078889
0 0.748418 0.251222 0.034282 0.076111
0 0.794681 0.266944 0.028723 0.071667
0 0.826064 0.234111 0.028723 0.074889
0 0.847008 0.257167 0.027633 0.065667
0 0.875133 0.225472 0.037553 0.062167
0 0.879056 0.261056 0.025399 0.041222
0 0.940239 0.267500 0.028670 0.038000
0 0.987766 0.275583 0.024468 0.074833
0 0.892513 0.282417 0.022686 0.051944
