0 0.065572 0.383861 0.052952 0.055278
0 0.135612 0.136778 0.034202 0.047222
0 0.142793 0.169611 0.033085 0.034556
0 0.238471 0.106806 0.023697 0.049500
0 0.263005 0.132139 0.029787 0.077167
0 0.288936 0.213944 0.025372 0.068000
0 0.306024 0.104500 0.023165 0.065667
0 0.352912 0.148861 0.038590 0.041500
0 0.391516 0.157500 0.034202 0.035667
0 0.425705 0.158083 0.026463 0.039167
0 0.391237 0.205889 0.028112 0.044889
0 0.469003 0.201278 0.033644 0.051889
0 0.561649 0.215694 0.028138 0.057611
0 0.617074 0.188611 0.025372 0.058778
0 0.697580 0.112000 0.016543 0.043778
0 0.728005 0.139833 0.035479 0.030333
0 0.839747 0.235028 0.048750 0.061722
