0 0.018790 0.204556 0.037580 0.038889
0 0.009348 0.242889 0.018697 0.033333
0 0.023178 0.310944 0.046356 0.049444
0 0.079867 0.149556 0.045745 0.042222
0 0.171582 0.161389 0.034548 0.045333
0 0.205465 0.171083 0.028803 0.046278
0 0.261755 0.173417 0.025266 0.039833
0 0.300080 0.153500 0.029255 0.038889
0 0.347939 0.131278 0.027473 0.042556
0 0.377846 0.148861 0.027926 0.040722
0 0.477992 0.179417 0.038537 0.046278
0 0.486636 0.147944 0.033697 0.048111
0 0.522088 0.133611 0.027473 0.050889
0 0.541809 0.124806 0.021702 0.040722
0 0.592766 0.123889 0.035000 0.040778
0 0.653684 0.128972 0.027473 0.039833
0 0.685598 0.130806 0.031888 0.049056
0 0.777101 0.140083 0.037660 0.021278
0 0.811662 0.135917 0.022580 0.051833
0 0.974295 0.155833 0.019069 0.056444
