0 0.037207 0.297556 0.048777 0.066667
0 0.141715 0.277417 0.050612 0.049056
0 0.236888 0.176139 0.055426 0.052833
0 0.405239 0.310750 0.056011 0.067944
0 0.410652 0.411417 0.047580 0.055389
0 0.451011 0.221417 0.045160 0.065389
0 0.546782 0.230861 0.048777 0.056611
0 0.590745 0.208833 0.042766 0.032667
0 0.613324 0.249111 0.040957 0.055333
0 0.542261 0.371778 0.051809 0.059111
0 0.637128 0.656750 0.077713 0.052833
0 0.781676 0.321444 0.042766 0.044000
0 0.746636 0.247389 0.013590 0.047222
0 0.759521 0.251000 0.014894 0.047778
0 0.878670 0.253222 0.049468 0.047778
0 0.969761 0.258500 0.038564 0.053889
0 0.983590 0.230444 0.029521 0.020000
0 0.995186 0.263222 0.009628 0.045556
