0 0.093670 0.500778 0.039149 0.064778
0 0.074787 0.361583 0.048457 0.053611
0 0.263497 0.288722 0.038324 0.033222
0 0.286622 0.307972 0.035426 0.050611
0 0.347726 0.266833 0.026037 0.058889
0 0.365426 0.315556 0.049202 0.070222
0 0.449136 0.321556 0.032154 0.037000
0 0.484003 0.322333 0.032580 0.062667
0 0.545479 0.245306 0.026011 0.059611
0 0.567340 0.259278 0.024947 0.061889
0 0.562101 0.326500 0.060745 0.040778
0 0.534455 0.368028 0.047367 0.039278
0 0.564747 0.410361 0.030612 0.045167
0 0.643989 0.261167 0.016968 0.047556
0 0.732739 0.179583 0.021702 0.061167
0 0.747739 0.338556 0.028564 0.030222
0 0.786609 0.358972 0.036144 0.031722
0 0.908976 0.243028 0.022793 0.061167
0 0.932992 0.270222 0.034016 0.044556
0 0.963737 0.259278 0.025346 0.034778
0 0.983444 0.299306 0.025665 0.043833
