0 0.348285 0.334806 0.040346 0.064167
0 0.955426 0.437944 0.036755 0.051556
0 0.176024 0.322194 0.029495 0.056611
0 0.217886 0.315278 0.022899 0.045333
0 0.589814 0.316528 0.037926 0.060389
0 0.606104 0.377556 0.054761 0.096889
0 0.606981 0.437333 0.048165 0.062889
0 0.599761 0.529778 0.057819 0.081778
0 0.778351 0.526028 0.050000 0.066722
0 0.817793 0.381333 0.050585 0.104444
0 0.927726 0.352333 0.024707 0.029111
0 0.828338 0.269361 0.037952 0.066722
0 0.877726 0.337306 0.023484 0.051611
0 0.233843 0.336667 0.027101 0.047778
0 0.183245 0.795917 0.069255 0.110722
