0 0.050598 0.160917 0.025559 0.043500
0 0.117513 0.143000 0.024973 0.035889
0 0.155000 0.149500 0.029149 0.031556
0 0.168245 0.159833 0.027660 0.037000
0 0.186981 0.157139 0.021410 0.033722
0 0.211968 0.142972 0.032872 0.033722
0 0.265864 0.150639 0.022899 0.037944
0 0.284588 0.150111 0.019814 0.036889
0 0.349415 0.166306 0.030585 0.044056
0 0.375731 0.168167 0.025293 0.031111
0 0.400465 0.140667 0.030612 0.038333
0 0.478803 0.157611 0.016489 0.034444
0 0.498351 0.169278 0.018351 0.042222
0 0.520027 0.167611 0.015426 0.037778
0 0.539029 0.170944 0.023697 0.034444
0 0.615638 0.131500 0.031649 0.058889
0 0.678005 0.132056 0.029255 0.061111
0 0.739043 0.117889 0.025798 0.063889
0 0.657527 0.293444 0.023404 0.051667
0 0.845824 0.189556 0.028191 0.043889
0 0.739734 0.612111 0.039096 0.082778
0 0.968484 0.122611 0.014362 0.032222
0 0.970465 0.144833 0.023697 0.031111
0 0.991290 0.118722 0.017420 0.048889
