0 0.665665 0.418472 0.059628 0.095611
0 0.605731 0.435417 0.042154 0.064167
0 0.570505 0.458694 0.056011 0.067944
0 0.448218 0.373194 0.033138 0.045278
0 0.431662 0.339806 0.021676 0.051611
0 0.423524 0.304611 0.021090 0.046556
0 0.340718 0.258639 0.030106 0.067944
0 0.227473 0.581361 0.039734 0.064167
0 0.154894 0.437944 0.036755 0.051556
0 0.001410 0.526028 0.002819 0.066722
0 0.021277 0.381333 0.042553 0.104444
0 0.127194 0.352333 0.024707 0.029111
0 0.027806 0.269361 0.037952 0.066722
0 0.077194 0.337306 0.023484 0.051611
