0 0.686529 0.309833 0.045452 0.059889
0 0.778949 0.250972 0.038537 0.070167
0 0.844189 0.312917 0.036569 0.053722
0 0.900465 0.328389 0.042580 0.064000
0 0.777965 0.726861 0.058324 0.076389
0 0.078138 0.253222 0.049468 0.047778
0 0.169229 0.258500 0.038564 0.053889
0 0.183059 0.230444 0.029521 0.020000
0 0.200213 0.263222 0.020745 0.045556
0 0.331862 0.254056 0.028723 0.060556
0 0.376941 0.259333 0.027394 0.052222
0 0.381995 0.289611 0.032181 0.050556
0 0.396769 0.414611 0.036676 0.051667
0 0.548165 0.332500 0.065213 0.064000
